0,tcp,http,SF,232,8153,0,0,0,0,0,1,0,0,0,0,0,0,0,0,0,0,5,5,0.2,0.2,0,0,1,0,0,30,255,1,0,0.03,0.04,0.03,0.01,0,0.01,normal,21
0,tcp,http,SF,199,420,0,0,0,0,0,1,0,0,0,0,0,0,0,0,0,0,30,32,0,0,0,0,1,0,0.09,255,255,1,0,0,0,0,0,0,0,normal,21
0,tcp,http,SF,287,2251,0,0,0,0,0,1,0,0,0,0,0,0,0,0,0,0,3,7,0,0,0,0,1,0,0.43,8,219,1,0,0.12,0.03,0,0,0,0,normal,21
0,tcp,http,SF,300,13788,0,0,0,0,0,1,0,0,0,0,0,0,0,0,0,0,8,9,0,0.11,0,0,1,0,0.22,91,255,1,0,0.01,0.02,0,0,0,0,normal,21
0,tcp,http,SF,233,616,0,0,0,0,0,1,0,0,0,0,0,0,0,0,0,0,3,3,0,0,0,0,1,0,0,66,255,1,0,0.02,0.03,0,0,0.02,0,normal,21
0,tcp,http,SF,343,1178,0,0,0,0,0,1,0,0,0,0,0,0,0,0,0,0,9,10,0,0,0,0,1,0,0.2,157,255,1,0,0.01,0.04,0,0,0,0,normal,21
0,tcp,http,SF,253,11905,0,0,0,0,0,1,0,0,0,0,0,0,0,0,0,0,8,10,0,0,0,0,1,0,0.2,87,255,1,0,0.01,0.02,0,0,0,0,normal,21
0,tcp,http,SF,227,6588,0,0,0,0,0,1,0,0,0,0,0,0,0,0,0,0,5,22,0,0,0,0,1,0,0.18,43,255,1,0,0.02,0.14,0,0,0.56,0.57,normal,21
0,tcp,http,SF,215,10499,0,0,0,0,0,1,0,0,0,0,0,0,0,0,0,0,14,14,0,0,0,0,1,0,0,255,255,1,0,0,0,0,0,0,0,normal,21
0,tcp,http,SF,241,1400,0,0,0,0,0,1,0,0,0,0,0,0,0,0,0,0,33,33,0,0,0.03,0.03,1,0,0,255,255,1,0,0,0,0,0,0,0,normal,21
0,tcp,http,SF,303,555,0,0,0,0,0,1,0,0,0,0,0,0,0,0,0,0,9,9,0,0,0,0,1,0,0,9,255,1,0,0.11,0.01,0,0,0,0,normal,21
0,udp,domain_u,SF,45,45,0,0,0,0,0,0,0,0,0,0,0,0,0,0,0,0,181,181,0,0,0,0,1,0,0,255,250,0.98,0.01,0,0,0,0,0,0,normal,18
0,udp,domain_u,SF,43,43,0,0,0,0,0,0,0,0,0,0,0,0,0,0,0,0,122,202,0,0,0,0,1,0,0.01,255,255,1,0,0.01,0,0,0,0,0,normal,18
0,tcp,http,SF,324,2302,0,0,0,0,0,1,0,0,0,0,0,0,0,0,0,0,22,28,0,0,0,0,1,0,0.14,255,255,1,0,0,0,0,0,0,0,normal,21
0,tcp,http,SF,290,3006,0,0,0,0,0,1,0,0,0,0,0,0,0,0,0,0,11,11,0,0,0,0,1,0,0,255,255,1,0,0,0,0,0,0,0,normal,21
0,tcp,http,SF,255,861,0,0,0,0,0,1,0,0,0,0,0,0,0,0,0,0,44,44,0.02,0.02,0,0,1,0,0,255,255,1,0,0,0,0,0,0,0,normal,21
0,tcp,http,SF,302,498,0,0,0,0,0,1,0,0,0,0,0,0,0,0,0,0,10,10,0,0,0,0,1,0,0,131,255,1,0,0.01,0.04,0,0,0,0,normal,21
0,tcp,http,SF,220,1398,0,0,0,0,0,1,0,0,0,0,0,0,0,0,0,0,26,42,0,0,0,0,1,0,0.05,26,255,1,0,0.04,0.03,0,0,0,0,normal,21
0,udp,domain_u,SF,43,69,0,0,0,0,0,0,0,0,0,0,0,0,0,0,0,0,120,120,0,0,0,0,1,0,0,255,245,0.96,0.01,0.01,0,0,0,0,0,normal,18
0,udp,domain_u,SF,44,133,0,0,0,0,0,0,0,0,0,0,0,0,0,0,0,0,73,75,0,0,0,0,1,0,0.03,122,212,0.88,0.02,0.88,0.01,0,0,0.08,0,normal,21
0,udp,domain_u,SF,43,43,0,0,0,0,0,0,0,0,0,0,0,0,0,0,0,0,148,228,0,0,0,0,1,0,0.01,255,255,1,0,0.01,0,0,0,0,0,normal,18
0,tcp,http,SF,310,2794,0,0,0,0,0,1,0,0,0,0,0,0,0,0,0,0,4,4,0,0,0,0,1,0,0,255,255,1,0,0,0,0,0,0,0,normal,21
0,tcp,http,SF,221,2878,0,0,0,0,0,1,0,0,0,0,0,0,0,0,0,0,1,1,0,0,0,0,1,0,0,21,58,1,0,0.05,0.03,0,0,0,0,normal,21
0,udp,domain_u,SF,42,42,0,0,0,0,0,0,0,0,0,0,0,0,0,0,0,0,9,14,0,0,0,0,1,0,0.21,84,83,0.99,0.02,0.01,0,0,0,0,0,normal,21
0,tcp,http,SF,210,2790,0,0,0,0,0,1,0,0,0,0,0,0,0,0,0,0,10,27,0,0,0,0,1,0,0.11,48,255,1,0,0.02,0.09,0,0,0,0,normal,21
0,tcp,http,SF,321,5683,0,0,0,0,0,1,0,0,0,0,0,0,0,0,0,0,10,10,0,0,0,0,1,0,0,168,255,1,0,0.01,0.04,0,0,0,0,normal,21
0,tcp,http,SF,329,3982,0,0,0,0,0,1,0,0,0,0,0,0,0,0,0,0,2,31,0,0,0,0,1,0,0.1,24,255,1,0,0.04,0.05,0,0,0,0,normal,21
0,tcp,http,SF,320,379,0,0,0,0,0,1,0,0,0,0,0,0,0,0,0,0,9,9,0,0,0,0,1,0,0,123,255,1,0,0.01,0.02,0,0,0,0,normal,21
0,tcp,http,SF,225,3762,0,0,0,0,0,1,0,0,0,0,0,0,0,0,0,0,10,10,0,0,0,0,1,0,0,255,255,1,0,0,0,0,0,0,0,normal,21
0,tcp,http,SF,247,1416,0,0,0,0,0,1,0,0,0,0,0,0,0,0,0,0,11,11,0,0,0,0,1,0,0,156,255,1,0,0.01,0.09,0,0,0.46,0.61,normal,21
0,tcp,http,SF,353,1483,0,0,0,0,0,1,0,0,0,0,0,0,0,0,0,0,3,9,0,0,0,0,1,0,0.33,255,255,1,0,0,0,0,0,0,0,normal,21
0,udp,domain_u,SF,44,44,0,0,0,0,0,0,0,0,0,0,0,0,0,0,0,0,109,189,0,0,0,0,0.99,0.02,0.01,255,254,1,0.01,0.01,0,0,0,0,0,normal,18
0,tcp,http,SF,259,750,0,0,0,0,0,1,0,0,0,0,0,0,0,0,0,0,4,5,0,0,0,0,1,0,0.4,4,255,1,0,0.25,0.03,0,0,0,0,normal,21
0,tcp,http,SF,0,354,0,0,0,0,0,0,0,0,0,0,0,0,0,0,0,0,32,32,0.03,0.03,0,0,1,0,0,255,255,1,0,0,0,0,0,0,0,normal,20
0,tcp,http,SF,309,306,0,0,0,0,0,1,0,0,0,0,0,0,0,0,0,0,1,1,0,0,0,0,1,0,0,66,255,1,0,0.02,0.02,0,0,0,0,normal,21
0,tcp,http,REJ,0,0,0,0,0,0,0,0,0,0,0,0,0,0,0,0,0,0,1,2,0,0,1,1,1,0,1,1,247,1,0,1,0.15,0,0,1,0.68,normal,21
0,tcp,http,SF,278,7227,0,0,0,0,0,1,0,0,0,0,0,0,0,0,0,0,3,3,0,0,0,0,1,0,0,153,255,1,0,0.01,0.05,0,0,0,0,normal,21
0,tcp,http,SF,313,761,0,0,0,0,0,1,0,0,0,0,0,0,0,0,0,0,1,1,0,0,0,0,1,0,0,43,255,1,0,0.02,0.03,0,0,0,0,normal,21
0,tcp,http,SF,219,1212,0,0,0,0,0,1,0,0,0,0,0,0,0,0,0,0,15,15,0,0,0,0,1,0,0,242,255,1,0,0,0.01,0,0,0,0,normal,21
0,tcp,http,SF,245,9165,0,0,0,0,0,1,0,0,0,0,0,0,0,0,0,0,2,3,0,0,0,0,1,0,0.67,10,255,1,0,0.1,0.05,0,0,0,0,normal,21
0,tcp,http,SF,328,2243,0,0,0,0,0,1,0,0,0,0,0,0,0,0,0,0,21,21,0,0,0,0,1,0,0,21,255,1,0,0.05,0.04,0,0,0,0,normal,21
0,tcp,http,REJ,0,0,0,0,0,0,0,0,0,0,0,0,0,0,0,0,0,0,1,1,0,0,1,1,1,0,0,23,249,1,0,0.04,0.1,0,0,1,0.96,normal,21
0,tcp,http,SF,251,301,0,0,0,0,0,1,0,0,0,0,0,0,0,0,0,0,3,7,0,0,0,0,1,0,0.29,255,252,0.99,0.01,0,0,0,0,0,0,normal,21
0,tcp,http,REJ,0,0,0,0,0,0,0,0,0,0,0,0,0,0,0,0,0,0,1,1,0,0,1,1,1,0,0,6,255,1,0,0.17,0.21,0,0,1,0.88,normal,21
0,tcp,http,SF,237,511,0,0,0,0,0,1,0,0,0,0,0,0,0,0,0,0,1,1,0,0,0,0,1,0,0,3,255,1,0,0.33,0.01,0,0,0,0,normal,21
0,tcp,http,SF,324,431,0,0,0,0,0,1,0,0,0,0,0,0,0,0,0,0,4,5,0,0,0,0,1,0,0.4,107,255,1,0,0.01,0.02,0,0,0,0,normal,21
0,tcp,http,SF,218,974,0,0,0,0,0,1,0,0,0,0,0,0,0,0,0,0,6,6,0,0,0,0,1,0,0,6,255,1,0,0.17,0.02,0,0.01,0,0,normal,21
0,tcp,http,SF,325,2649,0,0,0,0,0,1,0,0,0,0,0,0,0,0,0,0,7,7,0,0,0,0,1,0,0,107,255,1,0,0.01,0.01,0,0,0,0,normal,21
240,tcp,http,SF,328,275,0,0,0,0,0,1,0,0,0,0,0,0,0,0,0,0,9,10,0,0,0,0.1,1,0,0.2,255,250,0.98,0.01,0,0,0,0,0,0,normal,21
0,udp,domain_u,SF,46,46,0,0,0,0,0,0,0,0,0,0,0,0,0,0,0,0,96,178,0,0,0,0,1,0,0.02,255,254,1,0.01,0.01,0,0,0,0,0,normal,18
0,udp,domain_u,SF,45,139,0,0,0,0,0,0,0,0,0,0,0,0,0,0,0,0,79,159,0,0,0,0,1,0,0.01,255,254,1,0.01,0,0,0,0,0,0,normal,19
0,tcp,http,SF,237,138,0,0,0,0,0,1,0,0,0,0,0,0,0,0,0,0,2,2,0,0,0,0,1,0,0,2,2,1,0,0.5,0,0,0,0,0,normal,20
0,tcp,http,SF,225,1357,0,0,0,0,0,1,0,0,0,0,0,0,0,0,0,0,1,1,0,0,0,0,1,0,0,5,255,1,0,0.2,0.02,0,0,0,0,normal,21
0,tcp,http,SF,262,1011,0,0,0,0,0,1,0,0,0,0,0,0,0,0,0,0,3,4,0,0,0,0,1,0,0.5,94,255,1,0,0.02,0.01,0,0,0,0,normal,21
0,tcp,http,SF,261,8412,0,0,0,0,0,1,0,0,0,0,0,0,0,0,0,0,9,9,0,0,0,0,1,0,0,255,255,1,0,0,0,0,0,0,0,normal,21
0,tcp,http,SF,294,1719,0,0,0,0,0,1,0,0,0,0,0,0,0,0,0,0,8,8,0,0,0,0,1,0,0,108,255,1,0,0.01,0.01,0,0,0,0,normal,21
0,tcp,http,SF,221,981,0,0,0,0,0,1,0,0,0,0,0,0,0,0,0,0,2,3,0,0,0,0,1,0,0.67,50,82,1,0,0.02,0.04,0,0,0,0,normal,21
0,tcp,http,SF,284,10352,0,0,0,0,0,1,0,0,0,0,0,0,0,0,0,0,2,2,0,0,0,0,1,0,0,11,255,1,0,0.09,0.07,0,0,0,0,normal,21
0,tcp,http,SF,309,16096,0,0,0,0,0,1,0,0,0,0,0,0,0,0,0,0,3,3,0,0,0,0,1,0,0,31,129,1,0,0.03,0.02,0,0,0,0,normal,21
0,tcp,http,SF,214,283,0,0,0,0,0,1,0,0,0,0,0,0,0,0,0,0,2,2,0,0,0,0,1,0,0,27,255,1,0,0.04,0.05,0,0.01,0,0,normal,21
0,udp,domain_u,SF,46,78,0,0,0,0,0,0,0,0,0,0,0,0,0,0,0,0,278,277,0,0,0,0,1,0.01,0,255,254,1,0.01,0,0,0,0,0,0,normal,18
0,tcp,http,SF,329,8437,0,0,0,0,0,1,0,0,0,0,0,0,0,0,0,0,4,4,0,0,0,0,1,0,0,83,255,1,0,0.01,0.04,0,0,0,0,normal,21
0,udp,domain_u,SF,46,128,0,0,0,0,0,0,0,0,0,0,0,0,0,0,0,0,222,302,0,0,0,0,1,0,0.01,255,253,0.99,0.01,0,0,0,0,0,0,normal,18
0,tcp,http,SF,266,529,0,0,0,0,0,1,0,0,0,0,0,0,0,0,0,0,1,6,0,0,0,0,1,0,0.67,94,255,1,0,0.01,0.02,0,0,0,0,normal,21
0,tcp,http,SF,295,465,0,0,0,0,0,1,0,0,0,0,0,0,0,0,0,0,11,12,0,0,0,0,1,0,0.17,69,255,1,0,0.01,0.04,0,0,0,0,normal,21
0,tcp,http,SF,228,6834,0,0,0,0,0,1,0,0,0,0,0,0,0,0,0,0,2,7,0,0,0,0,1,0,0.57,18,19,1,0,0.06,0.11,0,0,0,0,normal,21
0,tcp,http,REJ,0,0,0,0,0,0,0,0,0,0,0,0,0,0,0,0,0,0,1,3,0,0,1,1,1,0,1,118,195,1,0,0.01,0.02,0,0,0.74,0.84,normal,21
0,tcp,http,SF,223,656,0,0,0,0,0,1,0,0,0,0,0,0,0,0,0,0,12,21,0,0,0,0,1,0,0.14,172,255,1,0,0.01,0.02,0,0,0,0,normal,21
0,tcp,http,SF,233,2470,0,0,0,0,0,1,0,0,0,0,0,0,0,0,0,0,10,10,0,0,0,0,1,0,0,32,255,1,0,0.03,0.01,0,0,0,0,normal,21
0,tcp,http,SF,201,1938,0,0,0,0,0,1,0,0,0,0,0,0,0,0,0,0,19,34,0,0,0,0,1,0,0.06,44,255,1,0,0.02,0.03,0,0,0,0,normal,21
0,tcp,http,SF,271,4781,0,0,0,0,0,1,0,0,0,0,0,0,0,0,0,0,4,7,0,0,0,0,1,0,0.29,11,28,1,0,0.09,0.25,0,0,0,0,normal,21
0,tcp,http,SF,227,11564,0,0,0,0,0,1,0,0,0,0,0,0,0,0,0,0,5,6,0,0,0,0,1,0,0.33,41,52,1,0,0.02,0.04,0,0,0,0,normal,21
0,tcp,http,SF,225,2445,0,0,0,0,0,1,0,0,0,0,0,0,0,0,0,0,4,5,0,0,0,0,1,0,0.4,255,255,1,0,0,0,0,0,0,0,normal,21
0,tcp,http,SF,176,426,0,0,0,0,0,1,0,0,0,0,0,0,0,0,0,0,6,6,0,0,0,0,1,0,0,255,255,1,0,0,0,0,0,0,0,normal,21
0,tcp,http,SF,227,762,0,0,0,0,0,1,0,0,0,0,0,0,0,0,0,0,17,17,0,0,0,0,1,0,0,202,255,1,0,0,0.02,0,0,0,0,normal,21
0,tcp,http,SF,166,34660,0,0,0,0,0,1,0,0,0,0,0,0,0,0,0,0,1,1,0,0,0,0,1,0,0,16,255,1,0,0.06,0.06,0,0,0,0,normal,21
0,tcp,http,SF,306,2698,0,0,0,0,0,1,0,0,0,0,0,0,1,0,0,0,4,5,0,0,0,0.2,1,0,0.4,255,240,0.94,0.01,0,0,0,0,0.01,0,normal,21
0,tcp,http,SF,313,8549,0,0,0,0,0,1,0,0,0,0,0,0,0,0,0,0,4,4,0,0,0,0,1,0,0,255,255,1,0,0,0,0,0,0,0,normal,21
0,tcp,http,SF,285,6008,0,0,0,0,0,1,0,0,0,0,0,0,0,0,0,0,3,3,0,0,0,0,1,0,0,128,255,1,0,0.01,0.01,0,0,0.01,0,normal,21
0,tcp,http,SF,226,1411,0,0,0,0,0,1,0,0,0,0,0,0,0,0,0,0,8,23,0,0,0,0,1,0,0.13,37,255,1,0,0.03,0.02,0,0,0,0,normal,21
0,tcp,http,SF,256,12984,0,0,0,0,0,1,0,0,0,0,0,0,0,0,0,0,1,1,0,0,0,0,1,0,0,34,255,1,0,0.03,0.04,0,0,0,0,normal,21
0,tcp,http,SF,224,449,0,0,0,0,0,1,0,0,0,0,0,0,0,0,0,0,10,11,0.1,0.09,0,0,1,0,0.18,39,255,1,0,0.03,0.04,0.03,0,0,0,normal,21
0,tcp,http,SF,201,169,0,0,0,0,0,1,0,0,0,0,0,0,0,0,0,0,7,7,0,0,0,0,1,0,0,29,255,1,0,0.03,0.04,0.03,0,0,0,normal,21
0,tcp,http,SF,285,304,0,0,0,0,0,1,0,0,0,0,0,0,0,0,0,0,32,34,0,0,0,0,1,0,0.09,101,255,1,0,0.01,0.03,0,0,0,0,normal,21
0,tcp,http,SF,198,12884,0,0,0,0,0,1,0,0,0,0,0,0,0,0,0,0,2,2,0,0,0,0,1,0,0,2,2,1,0,0.5,0,0,0,0,0,normal,20
0,tcp,http,SF,331,955,0,0,0,0,0,1,0,0,0,0,0,0,0,0,0,0,6,6,0,0,0,0,1,0,0,38,255,1,0,0.03,0.01,0,0,0,0,normal,21
0,udp,domain_u,SF,45,77,0,0,0,0,0,0,0,0,0,0,0,0,0,0,0,0,171,173,0,0,0,0,1,0,0.01,255,232,0.91,0.01,0,0,0,0,0,0,normal,18
0,tcp,http,SF,283,912,0,0,0,0,0,1,0,0,0,0,0,0,0,0,0,0,2,2,0,0,0,0,1,0,0,75,255,1,0,0.01,0.03,0,0,0,0,normal,21
0,tcp,http,SF,221,1789,0,0,0,0,0,1,0,0,0,0,0,0,0,0,0,0,2,10,0.5,0.1,0,0.1,1,0,0.4,73,255,1,0,0.01,0.02,0.01,0,0,0,normal,18
0,tcp,http,SF,302,1380,0,0,0,0,0,1,0,0,0,0,0,0,0,0,0,0,5,5,0,0,0,0,1,0,0,212,187,0.88,0.02,0,0,0,0.01,0,0.01,normal,21
0,tcp,http,SF,355,870,0,0,0,0,0,1,0,0,0,0,0,0,0,0,0,0,28,28,0,0,0,0,1,0,0,255,255,1,0,0,0,0,0,0,0,normal,21
0,tcp,http,SF,286,1423,0,0,0,0,0,1,0,0,0,0,0,0,0,0,0,0,16,16,0,0,0,0,1,0,0,64,255,1,0,0.02,0.05,0,0,0,0,normal,21
0,tcp,http,SF,168,9551,0,0,0,0,0,1,0,0,0,0,0,0,0,0,0,0,1,2,0,0,0,0,1,0,1,230,255,1,0,0.01,0.01,0,0,0,0,normal,21
0,tcp,http,SF,238,864,0,0,0,0,0,1,0,0,0,0,0,0,0,0,0,0,39,39,0,0,0,0,1,0,0,137,255,1,0,0.01,0.01,0,0,0,0,normal,21
0,tcp,http,SF,291,10369,0,0,0,0,0,1,0,0,0,0,0,0,0,0,0,0,6,6,0,0,0,0,1,0,0,13,255,1,0,0.08,0.05,0,0,0,0,normal,21
0,tcp,http,SF,198,6924,0,0,0,0,0,1,0,0,0,0,0,0,0,0,0,0,12,12,0,0,0,0,1,0,0,230,255,1,0,0,0.01,0,0,0.01,0.01,normal,21
0,tcp,http,SF,167,709,0,0,0,0,0,1,0,0,0,0,0,0,0,0,0,0,1,4,0,0,0,0.25,1,0,0.75,5,255,1,0,0.2,0.02,0,0,0,0,normal,21
0,tcp,http,SF,241,851,0,0,0,0,0,1,0,0,0,0,0,0,0,0,0,0,17,35,0,0,0,0,1,0,0.06,127,255,1,0,0.01,0.03,0,0,0,0,normal,21
0,tcp,http,SF,337,3360,0,0,0,0,0,1,0,0,0,0,0,0,0,0,0,0,6,6,0,0,0,0,1,0,0,255,255,1,0,0,0,0,0,0,0,normal,21
0,tcp,http,SF,222,1483,0,0,0,0,0,1,0,0,0,0,0,0,0,0,0,0,3,3,0,0,0,0,1,0,0,255,255,1,0,0.01,0,0,0,0,0,normal,21
0,tcp,http,REJ,0,0,0,0,0,0,0,0,0,0,0,0,0,0,0,0,0,0,1,1,0,0,1,1,1,0,0,7,255,1,0,0.14,0.24,0,0,1,0.91,normal,21
0,udp,domain_u,SF,46,134,0,0,0,0,0,0,0,0,0,0,0,0,0,0,0,0,145,225,0,0,0,0,1,0,0.01,255,255,1,0,0,0,0,0,0,0,normal,18
0,tcp,http,SF,246,2719,0,0,0,0,0,1,0,0,0,0,0,0,0,0,0,0,1,1,0,0,0,0,1,0,0,1,255,1,0,1,0.07,0,0,0,0,normal,21
0,tcp,http,SF,222,771,0,0,0,0,0,1,0,0,0,0,0,0,0,0,0,0,8,8,0,0,0,0,1,0,0,45,255,1,0,0.02,0.02,0,0,0,0,normal,21
0,tcp,http,SF,226,651,0,0,0,0,0,1,0,0,0,0,0,0,0,0,0,0,12,12,0,0,0,0,1,0,0,255,255,1,0,0.01,0,0,0,0,0,normal,21
0,tcp,http,SF,299,447,0,0,0,0,0,1,0,0,0,0,0,0,0,0,0,0,26,44,0,0,0,0,1,0,0.07,255,255,1,0,0,0,0,0,0,0,normal,21
0,tcp,http,SF,281,1951,0,0,0,0,0,1,0,0,0,0,0,0,0,0,0,0,30,31,0,0,0,0,1,0,0.06,77,255,1,0,0.01,0.03,0,0.01,0,0,normal,21
0,udp,domain_u,SF,42,42,0,0,0,0,0,0,0,0,0,0,0,0,0,0,0,0,4,6,0,0,0,0,1,0,0.5,255,245,0.96,0.01,0.01,0,0,0,0,0,normal,21
0,tcp,http,SF,263,453,0,0,0,0,0,1,0,0,0,0,0,0,0,0,0,0,15,15,0,0,0,0,1,0,0,255,255,1,0,0,0,0,0,0,0,normal,21
0,tcp,http,SF,283,1980,0,0,0,0,0,1,0,0,0,0,0,0,0,0,0,0,18,18,0,0,0,0,1,0,0,18,255,1,0,0.06,0.03,0,0,0,0,normal,21
0,tcp,http,SF,161,5530,0,0,0,0,0,1,0,0,0,0,0,0,0,0,0,0,2,2,0,0,0,0,1,0,0,2,255,1,0,0.5,0.05,0,0,0,0,normal,21
0,tcp,http,SF,211,321,0,0,0,0,0,1,0,0,0,0,0,0,0,0,0,0,7,11,0,0,0,0,1,0,0.27,211,255,1,0,0,0.01,0,0,0,0,normal,21
0,tcp,http,SF,201,1701,0,0,0,0,0,1,0,0,0,0,0,0,0,0,0,0,7,7,0,0,0,0,1,0,0,32,255,1,0,0.03,0.04,0,0,0,0,normal,21
0,tcp,http,SF,320,420,0,0,0,0,0,1,0,0,0,0,0,0,0,0,0,0,7,7,0,0,0,0,1,0,0,255,255,1,0,0.01,0,0,0,0,0,normal,21
0,tcp,http,SF,204,1229,0,0,0,0,0,1,0,0,0,0,0,0,0,0,0,0,4,4,0,0,0,0,1,0,0,54,255,1,0,0.02,0.04,0,0,0,0,normal,21
0,tcp,http,SF,344,573,0,0,0,0,0,1,0,0,0,0,0,0,0,0,0,0,28,60,0.04,0.03,0,0,1,0,0.08,255,255,1,0,0,0,0,0,0,0,normal,21
0,tcp,http,SF,243,821,0,0,0,0,0,1,0,0,0,0,0,0,0,0,0,0,15,19,0,0,0,0,1,0,0.11,107,255,1,0,0.01,0.01,0,0,0,0,normal,21
0,tcp,http,SF,284,765,0,0,0,0,0,1,0,0,0,0,0,0,0,0,0,0,9,9,0,0,0,0,1,0,0,255,255,1,0,0.01,0,0,0,0,0,normal,21
0,tcp,http,SF,261,15455,0,0,0,0,0,1,0,0,0,0,0,0,0,0,0,0,22,22,0,0,0,0,1,0,0,255,255,1,0,0,0,0,0,0,0,normal,21
0,tcp,http,SF,317,315,0,0,0,0,0,1,0,0,0,0,0,0,0,0,0,0,1,2,0,0,0,0,1,0,1,255,255,1,0,0,0,0,0,0,0,normal,21
0,udp,domain_u,SF,33,0,0,0,0,0,0,0,0,0,0,0,0,0,0,0,0,0,8,8,0,0,0,0,1,0,0,255,36,0.14,0.03,0.14,0,0,0,0,0,normal,21
0,udp,domain_u,SF,44,70,0,0,0,0,0,0,0,0,0,0,0,0,0,0,0,0,195,197,0,0,0,0,1,0,0.01,255,234,0.92,0.01,0.01,0,0,0,0,0,normal,18
0,tcp,http,SF,215,584,0,0,0,0,0,1,0,0,0,0,0,0,0,0,0,0,4,9,0,0,0,0,1,0,0.56,255,255,1,0,0,0,0,0,0,0,normal,21
0,tcp,http,SF,332,2844,0,0,0,0,0,1,0,0,0,0,0,0,0,0,0,0,14,14,0,0,0,0,1,0,0,142,255,1,0,0.01,0.03,0,0,0,0,normal,21
0,tcp,http,SF,296,5670,0,0,0,0,0,1,0,0,0,0,0,0,0,0,0,0,10,10,0,0,0,0,1,0,0,69,255,1,0,0.01,0.02,0,0,0,0,normal,21
0,tcp,http,SF,214,9986,0,0,0,0,0,1,0,0,0,0,0,0,0,0,0,0,10,11,0,0,0,0,1,0,0.18,66,255,1,0,0.02,0.02,0,0,0,0,normal,21
0,tcp,http,SF,226,1301,0,0,0,0,0,1,0,0,0,0,0,0,0,0,0,0,5,5,0,0,0,0,1,0,0,14,255,1,0,0.07,0.03,0,0,0,0,normal,21
0,tcp,http,REJ,0,0,0,0,0,0,0,0,0,0,0,0,0,0,0,0,0,0,1,1,0,0,1,1,1,0,0,8,38,1,0,0.12,0.18,0,0,1,1,normal,21
0,tcp,http,SF,294,3327,0,0,0,0,0,1,0,0,0,0,0,0,0,0,0,0,1,19,0,0,0,0,1,0,0.16,57,255,1,0,0.02,0.04,0,0,0,0,normal,21
0,tcp,http,SF,220,1249,0,0,0,0,0,1,0,0,0,0,0,0,0,0,0,0,7,7,0,0,0,0,1,0,0,159,255,1,0,0.01,0.03,0,0,0,0,normal,21
0,tcp,http,SF,196,3282,0,0,0,0,0,1,0,0,0,0,0,0,0,0,0,0,8,9,0,0,0,0,1,0,0.22,255,255,1,0,0,0,0,0,0,0,normal,21
0,tcp,http,SF,327,4482,0,0,0,0,0,1,0,0,0,0,0,0,0,0,0,0,4,8,0,0,0,0,1,0,0.25,58,255,1,0,0.02,0.02,0,0,0,0,normal,21
0,tcp,http,SF,210,3754,0,0,0,0,0,1,0,0,0,0,0,0,0,0,0,0,18,18,0,0,0,0,1,0,0,62,255,1,0,0.02,0.02,0,0.01,0,0,normal,21
0,tcp,http,REJ,0,0,0,0,0,0,0,0,0,0,0,0,0,0,0,0,0,0,1,1,0,0,1,1,1,0,0,12,255,1,0,0.08,0.15,0,0,1,0.79,normal,21
0,tcp,http,SF,234,6282,0,0,0,0,0,1,0,0,0,0,0,0,0,0,0,0,6,6,0,0,0,0,1,0,0,106,255,1,0,0.01,0.03,0,0,0,0,normal,21
0,tcp,http,SF,237,1461,0,0,0,0,0,1,0,0,0,0,0,0,0,0,0,0,3,3,0,0,0,0,1,0,0,59,255,1,0,0.02,0.02,0,0,0,0,normal,21
0,tcp,http,SF,200,955,0,0,0,0,0,1,0,0,0,0,0,0,0,0,0,0,3,3,0,0,0,0,1,0,0,250,255,1,0,0,0.01,0,0,0,0,normal,21
0,tcp,http,SF,219,657,0,0,0,0,0,1,0,0,0,0,0,0,0,0,0,0,7,9,0,0,0,0,1,0,0.33,28,255,1,0,0.04,0.01,0,0,0,0,normal,21
0,tcp,http,SF,284,5921,0,0,0,0,0,1,0,0,0,0,0,0,0,0,0,0,1,1,0,0,0,0,1,0,0,49,255,1,0,0.02,0.07,0,0,0,0,normal,21
0,tcp,http,SF,325,426,0,0,0,0,0,1,0,0,0,0,0,0,0,0,0,0,5,5,0,0,0,0,1,0,0,187,255,1,0,0.01,0.01,0,0,0,0,normal,21
0,tcp,http,SF,335,7902,0,0,0,0,0,1,0,0,0,0,0,0,0,0,0,0,1,8,0,0,0,0,1,0,0.88,1,255,1,0,1,0.04,0,0,0,0,normal,21
0,udp,domain_u,SF,36,0,0,0,0,0,0,0,0,0,0,0,0,0,0,0,0,0,2,4,0,0,0,0,1,0,0.75,67,171,1,0,1,0.01,0,0,0,0,normal,21
0,udp,domain_u,SF,43,43,0,0,0,0,0,0,0,0,0,0,0,0,0,0,0,0,122,188,0,0,0,0,1,0,0.01,255,255,1,0,0.01,0,0,0,0,0,normal,18
0,tcp,http,REJ,0,0,0,0,0,0,0,0,0,0,0,0,0,0,0,0,0,0,1,1,0,0,1,1,1,0,0,6,55,1,0,0.17,0.24,0,0,1,1,normal,21
0,tcp,http,SF,216,1956,0,0,0,0,0,1,0,0,0,0,0,0,0,0,0,0,1,21,0,0,0,0,1,0,0.1,12,255,1,0,0.08,0.05,0,0,0,0,normal,21
0,udp,domain_u,SF,44,78,0,0,0,0,0,0,0,0,0,0,0,0,0,0,0,0,139,139,0,0,0,0,1,0,0,255,166,0.65,0.01,0,0,0,0,0,0,normal,18
0,tcp,http,SF,347,8113,0,0,0,0,0,1,0,0,0,0,0,0,0,0,0,0,7,7,0,0,0,0,1,0,0,255,255,1,0,0,0,0.01,0.01,0.02,0.02,normal,21
0,tcp,http,SF,219,17540,0,0,0,0,0,1,0,0,0,0,0,0,0,0,0,0,8,8,0,0,0,0,1,0,0,36,255,1,0,0.03,0.05,0,0,0,0,normal,21
0,tcp,http,SF,233,581,0,0,0,0,0,1,0,0,0,0,0,0,0,0,0,0,13,26,0,0,0,0,1,0,0.08,255,255,1,0,0,0,0,0,0,0,normal,21
0,udp,domain_u,SF,44,139,0,0,0,0,0,0,0,0,0,0,0,0,0,0,0,0,77,157,0,0,0,0,1,0,0.01,255,242,0.95,0.01,0,0,0,0,0,0,normal,19
0,tcp,http,SF,200,764,0,0,0,0,0,1,0,0,0,0,0,0,0,0,0,0,2,12,0,0,0,0,1,0,0.33,23,255,1,0,0.04,0.02,0,0,0,0,normal,21
0,udp,domain_u,SF,46,46,0,0,0,0,0,0,0,0,0,0,0,0,0,0,0,0,11,20,0,0,0,0,1,0,0.15,255,255,1,0,0,0,0,0,0,0,normal,21
0,tcp,http,SF,216,5284,0,0,0,0,0,1,0,0,0,0,0,0,0,0,0,0,9,9,0,0,0,0,1,0,0,123,255,1,0,0.01,0.02,0,0,0.44,0.29,normal,21
0,tcp,http,SF,234,997,0,0,0,0,0,1,0,0,0,0,0,0,0,0,0,0,28,28,0,0,0,0,1,0,0,255,255,1,0,0,0,0,0,0,0,normal,21
0,tcp,http,SF,220,1643,0,0,0,0,0,1,0,0,0,0,0,0,0,0,0,0,12,25,0,0.04,0,0,1,0,0.08,25,255,1,0,0.04,0.04,0,0.01,0,0,normal,21
0,tcp,http,REJ,0,0,0,0,0,0,0,0,0,0,0,0,0,0,0,0,0,0,1,1,0,0,1,1,1,0,0,12,255,1,0,0.08,0.04,0,0,0.08,0.02,normal,20
0,tcp,http,SF,288,2881,0,0,0,0,0,1,0,0,0,0,0,0,0,0,0,0,14,16,0,0,0,0,1,0,0.12,14,255,1,0,0.07,0.05,0,0,0,0,normal,21
0,tcp,http,SF,279,494,0,0,0,0,0,1,0,0,0,0,0,0,0,0,0,0,2,2,0,0,0,0,1,0,0,255,255,1,0,0,0,0,0,0,0,normal,21
0,tcp,http,SF,230,362,0,0,0,0,0,1,0,0,0,0,0,0,0,0,0,0,10,18,0,0,0,0,1,0,0.17,121,255,1,0,0.01,0.04,0,0,0,0,normal,21
0,udp,domain_u,SF,44,110,0,0,0,0,0,0,0,0,0,0,0,0,0,0,0,0,71,151,0,0,0,0,1,0,0.01,255,255,1,0,0,0,0,0,0,0,normal,20
0,tcp,http,SF,271,3582,0,0,0,0,0,1,0,0,0,0,0,0,0,0,0,0,12,12,0,0,0,0,1,0,0,12,255,1,0,0.08,0.03,0,0,0,0,normal,21
0,tcp,http,SF,179,1668,0,0,0,0,0,1,0,0,0,0,0,0,0,0,0,0,6,6,0,0,0,0,1,0,0,52,255,1,0,0.02,0.03,0,0,0,0,normal,21
0,tcp,http,SF,222,310,0,0,0,0,0,1,0,0,0,0,0,0,0,0,0,0,5,13,0,0,0,0,1,0,0.15,170,255,1,0,0.01,0.01,0,0,0,0,normal,21
0,tcp,http,SF,314,4137,0,0,0,0,0,1,0,0,0,0,0,0,0,0,0,0,7,7,0,0,0,0,1,0,0,255,255,1,0,0,0,0,0,0,0,normal,21
0,tcp,http,SF,230,6880,0,0,0,0,0,1,0,0,0,0,0,0,0,0,0,0,1,17,0,0,0,0,1,0,0.29,24,255,1,0,0.04,0.04,0,0,0,0.01,normal,21
0,tcp,http,SF,234,1707,0,0,0,0,0,1,0,0,0,0,0,0,0,0,0,0,9,9,0,0,0,0,1,0,0,9,255,1,0,0.11,0.04,0,0,0,0,normal,21
0,tcp,http,SF,215,6367,0,0,0,0,0,1,0,0,0,0,0,0,0,0,0,0,9,9,0,0,0,0,1,0,0,255,255,1,0,0,0,0,0,0,0,normal,21
0,udp,domain_u,SF,46,46,0,0,0,0,0,0,0,0,0,0,0,0,0,0,0,0,215,215,0,0,0,0,1,0,0,255,250,0.98,0.01,0,0,0,0,0,0,normal,18
0,tcp,http,SF,305,2507,0,0,0,0,0,1,0,0,0,0,0,0,0,0,0,0,4,4,0,0,0,0,1,0,0,255,239,0.94,0.01,0,0,0,0,0,0,normal,21
0,tcp,http,SF,336,15767,0,0,0,0,0,1,0,0,0,0,0,0,0,0,0,0,12,12,0,0,0,0,1,0,0,95,255,1,0,0.01,0.02,0,0,0,0,normal,21
0,tcp,http,SF,335,1212,0,0,0,0,0,1,0,0,0,0,0,0,0,0,0,0,3,3,0,0,0,0,1,0,0,7,255,1,0,0.14,0.21,0,0.01,0.43,0.96,normal,21
0,tcp,http,SF,339,241,0,0,0,0,0,1,0,0,0,0,0,0,0,0,0,0,1,1,0,0,0,0,1,0,0,68,255,1,0,0.01,0.02,0,0,0,0,normal,21
0,tcp,http,SF,317,3245,0,0,0,0,0,1,0,0,0,0,0,0,0,0,0,0,4,4,0,0,0,0,1,0,0,251,255,1,0,0,0.01,0,0,0,0,normal,21
0,udp,domain_u,SF,42,131,0,0,0,0,0,0,0,0,0,0,0,0,0,0,0,0,80,160,0,0,0,0,1,0,0.01,255,254,1,0.01,0,0,0,0,0,0,normal,18
0,tcp,http,SF,405,23786,0,0,0,0,0,1,0,0,0,0,0,0,0,0,0,0,1,1,0,0,0,0,1,0,0,9,255,1,0,0.11,0.05,0,0,0,0,normal,21
0,tcp,http,SF,258,4302,0,0,0,0,0,1,0,0,0,0,0,0,0,0,0,0,1,1,0,0,0,0,1,0,0,31,34,1,0,0.03,0.06,0,0.06,0,0.03,normal,21
0,tcp,http,SF,318,2649,0,0,0,0,0,1,0,0,0,0,0,0,0,0,0,0,5,5,0,0,0,0,1,0,0,5,255,1,0,0.2,0.09,0,0,0,0,normal,21
0,tcp,http,SF,216,1240,0,0,0,0,0,1,0,0,0,0,0,0,0,0,0,0,8,8,0,0,0,0,1,0,0,255,255,1,0,0.01,0,0,0,0,0,normal,21
0,tcp,http,SF,291,320,0,0,0,0,0,1,0,0,0,0,0,0,0,0,0,0,3,3,0,0,0,0,1,0,0,55,255,1,0,0.02,0.05,0.02,0,0,0,normal,21
0,tcp,http,SF,224,546,0,0,0,0,0,1,0,0,0,0,0,0,0,0,0,0,21,21,0,0,0,0,1,0,0,21,255,1,0,0.05,0.06,0,0.01,0,0,normal,21
542,udp,domain_u,SF,17,42,0,0,0,0,0,0,0,0,0,0,0,0,0,0,0,0,1,1,0,0,0,0,1,0,0,255,224,0.88,0.01,0.04,0,0,0,0,0,normal,21
0,udp,domain_u,SF,29,29,0,0,0,0,0,0,0,0,0,0,0,0,0,0,0,0,1,3,0,0,0,0,1,0,1,255,253,0.99,0.01,0,0,0,0,0,0,normal,21
0,tcp,http,SF,325,12884,0,0,0,0,0,1,0,0,0,0,0,0,0,0,0,0,5,9,0,0,0,0,1,0,0.22,72,72,1,0,0.01,0,0,0,0,0,normal,21
0,tcp,http,REJ,0,0,0,0,0,0,0,0,0,0,0,0,0,0,0,0,0,0,1,1,0,0,1,1,1,0,0,19,192,1,0,0.05,0.19,0,0,1,0.99,normal,21
0,tcp,http,SF,212,828,0,0,0,0,0,1,0,0,0,0,0,0,0,0,0,0,9,9,0,0,0,0,1,0,0,94,255,1,0,0.01,0.03,0,0,0,0,normal,21
0,tcp,http,SF,240,1475,0,0,0,0,0,1,0,0,0,0,0,0,0,0,0,0,12,12,0,0,0,0,1,0,0,255,255,1,0,0,0,0,0,0,0,normal,21
0,tcp,http,SF,292,13206,0,0,0,0,0,1,0,0,0,0,0,0,0,0,0,0,5,5,0,0,0,0,1,0,0,5,255,1,0,0.2,0.04,0,0,0,0,normal,21
